[Robot]
mass = 1.25
Ixx = 0.0
Iyy = 0.0
Izz = 0.0
Lever Arm = 0.1
Km = 5
Tm = 5
Voltage = 14.8

[Environment]
gravity = 9.81
rho = 1.225
latitude = 41.55498
longitude = 70.62218